0 0.44591346153846156 0.17067307692307693 0.28125 0.17067307692307693
0 0.4519230769230769 0.25961538461538464 0.30528846153846156 0.1466346153846154
0 0.43149038461538464 0.33413461538461536 0.28846153846153844 0.1658653846153846
0 0.4699519230769231 0.41466346153846156 0.2644230769230769 0.1778846153846154
0 0.4387019230769231 0.5060096153846154 0.24759615384615385 0.13221153846153846
0 0.46875 0.59375 0.2692307692307692 0.16826923076923078
0 0.4543269230769231 0.6826923076923077 0.2860576923076923 0.18028846153846154
0 0.4891826923076923 0.7704326923076923 0.25721153846153844 0.16105769230769232
0 0.4495192307692308 0.07932692307692307 0.2932692307692308 0.15865384615384615
0 0.48677884615384615 0.8533653846153846 0.27403846153846156 0.15144230769230768
0 0.4699519230769231 0.9302884615384616 0.27163461538461536 0.1346153846153846