0 0.1658653846153846 0.5108173076923077 0.14903846153846154 0.27163461538461536
0 0.2548076923076923 0.4987980769230769 0.1201923076923077 0.2980769230769231
0 0.3233173076923077 0.4651442307692308 0.14423076923076922 0.28125
0 0.4098557692307692 0.48677884615384615 0.15625 0.2548076923076923
0 0.49399038461538464 0.4387019230769231 0.11298076923076923 0.2403846153846154
0 0.5865384615384616 0.45072115384615385 0.1466346153846154 0.25961538461538464
0 0.6706730769230769 0.41947115384615385 0.15865384615384615 0.2764423076923077
0 0.7644230769230769 0.4375 0.14182692307692307 0.24759615384615385
0 0.0733173076923077 0.5336538461538461 0.1466346153846154 0.28365384615384615
0 0.8449519230769231 0.41947115384615385 0.12980769230769232 0.2644230769230769
0 0.9278846153846154 0.38461538461538464 0.13701923076923078 0.2620192307692308