0 0.19110576923076922 0.5925480769230769 0.1346153846153846 0.2668269230769231
0 0.2776442307692308 0.5757211538461539 0.15625 0.3004807692307692
0 0.35216346153846156 0.5829326923076923 0.12740384615384615 0.27163461538461536
0 0.42427884615384615 0.5360576923076923 0.14423076923076922 0.25
0 0.5180288461538461 0.5540865384615384 0.1201923076923077 0.23317307692307693
0 0.6009615384615384 0.5144230769230769 0.125 0.24519230769230768
0 0.6887019230769231 0.515625 0.14182692307692307 0.2644230769230769
0 0.7704326923076923 0.4699519230769231 0.125 0.23798076923076922
0 0.09134615384615384 0.6045673076923077 0.14423076923076922 0.2692307692307692
0 0.8509615384615384 0.46033653846153844 0.14423076923076922 0.2620192307692308
0 0.9302884615384616 0.46153846153846156 0.1346153846153846 0.25961538461538464