0 0.4182692307692308 0.8197115384615384 0.2692307692307692 0.13701923076923078
0 0.4326923076923077 0.7319711538461539 0.3004807692307692 0.14182692307692307
0 0.4206730769230769 0.65625 0.27403846153846156 0.11538461538461539
0 0.4675480769230769 0.5817307692307693 0.24759615384615385 0.125
0 0.44591346153846156 0.48677884615384615 0.24519230769230768 0.1346153846153846
0 0.4831730769230769 0.4014423076923077 0.24759615384615385 0.125
0 0.47716346153846156 0.3137019230769231 0.2644230769230769 0.1201923076923077
0 0.5228365384615384 0.23076923076923078 0.2403846153846154 0.11778846153846154
0 0.4098557692307692 0.9206730769230769 0.2668269230769231 0.11778846153846154
0 0.5288461538461539 0.14783653846153846 0.25961538461538464 0.12980769230769232
0 0.5216346153846154 0.0625 0.25961538461538464 0.125