0 0.4519230769230769 0.8185096153846154 0.28365384615384615 0.17067307692307693
0 0.45552884615384615 0.7307692307692307 0.31971153846153844 0.1971153846153846
0 0.4387019230769231 0.6574519230769231 0.2860576923076923 0.16346153846153846
0 0.47475961538461536 0.5805288461538461 0.2668269230769231 0.1778846153846154
0 0.44350961538461536 0.4891826923076923 0.24759615384615385 0.15144230769230768
0 0.47115384615384615 0.4014423076923077 0.25961538461538464 0.15865384615384615
0 0.4579326923076923 0.31490384615384615 0.28125 0.1778846153846154
0 0.49158653846153844 0.2283653846153846 0.25240384615384615 0.15625
0 0.4543269230769231 0.9134615384615384 0.28846153846153844 0.16826923076923078
0 0.49038461538461536 0.1466346153846154 0.27884615384615385 0.18028846153846154
0 0.47836538461538464 0.07692307692307693 0.27884615384615385 0.15384615384615385