0 0.49158653846153844 0.17067307692307693 0.28365384615384615 0.17307692307692307
0 0.48677884615384615 0.25841346153846156 0.31490384615384615 0.18509615384615385
0 0.4579326923076923 0.33052884615384615 0.2860576923076923 0.15625
0 0.48677884615384615 0.41225961538461536 0.25961538461538464 0.16105769230769232
0 0.44471153846153844 0.5 0.25961538461538464 0.17067307692307693
0 0.46153846153846156 0.5913461538461539 0.25961538461538464 0.16105769230769232
0 0.4362980769230769 0.6766826923076923 0.2764423076923077 0.15865384615384615
0 0.46153846153846156 0.7680288461538461 0.25240384615384615 0.15384615384615385
0 0.5072115384615384 0.07451923076923077 0.27884615384615385 0.14903846153846154
0 0.4495192307692308 0.8497596153846154 0.27403846153846156 0.1658653846153846
0 0.421875 0.9242788461538461 0.27163461538461536 0.1466346153846154