0 0.8257211538461539 0.5540865384615384 0.13942307692307693 0.27163461538461536
0 0.7367788461538461 0.546875 0.1466346153846154 0.30288461538461536
0 0.6622596153846154 0.5649038461538461 0.1201923076923077 0.2764423076923077
0 0.5841346153846154 0.5252403846153846 0.12980769230769232 0.24759615384615385
0 0.49158653846153844 0.5540865384615384 0.13942307692307693 0.24759615384615385
0 0.40384615384615385 0.5252403846153846 0.12980769230769232 0.24759615384615385
0 0.3161057692307692 0.5384615384615384 0.125 0.2644230769230769
0 0.22956730769230768 0.5012019230769231 0.12259615384615384 0.2403846153846154
0 0.9266826923076923 0.5528846153846154 0.1201923076923077 0.2668269230769231
0 0.1466346153846154 0.5012019230769231 0.13221153846153846 0.25961538461538464
0 0.0625 0.5168269230769231 0.125 0.25961538461538464