0 0.19110576923076922 0.4074519230769231 0.1346153846153846 0.2668269230769231
0 0.2776442307692308 0.42427884615384615 0.15625 0.3004807692307692
0 0.35216346153846156 0.4170673076923077 0.12740384615384615 0.27163461538461536
0 0.42427884615384615 0.4639423076923077 0.14423076923076922 0.25
0 0.5180288461538461 0.44591346153846156 0.1201923076923077 0.23317307692307693
0 0.6009615384615384 0.4855769230769231 0.125 0.24519230769230768
0 0.6887019230769231 0.484375 0.14182692307692307 0.2644230769230769
0 0.7704326923076923 0.5300480769230769 0.125 0.23798076923076922
0 0.09134615384615384 0.3954326923076923 0.14423076923076922 0.2692307692307692
0 0.8509615384615384 0.5396634615384616 0.14423076923076922 0.2620192307692308
0 0.9302884615384616 0.5384615384615384 0.1346153846153846 0.25961538461538464