0 0.18389423076923078 0.43509615384615385 0.09375 0.2548076923076923
0 0.27163461538461536 0.44471153846153844 0.0889423076923077 0.2860576923076923
0 0.34615384615384615 0.43028846153846156 0.07451923076923077 0.2620192307692308
0 0.421875 0.4699519230769231 0.09615384615384616 0.23557692307692307
0 0.5132211538461539 0.44471153846153844 0.08653846153846154 0.2283653846153846
0 0.5997596153846154 0.47716346153846156 0.08653846153846154 0.23557692307692307
0 0.6862980769230769 0.46875 0.09615384615384616 0.25240384615384615
0 0.7716346153846154 0.5072115384615384 0.08173076923076923 0.22596153846153846
0 0.08413461538461539 0.43149038461538464 0.10336538461538461 0.25721153846153844
0 0.8533653846153846 0.5096153846153846 0.09375 0.24759615384615385
0 0.9423076923076923 0.49759615384615385 0.09615384615384616 0.2403846153846154