0 0.20192307692307693 0.625 0.13942307692307693 0.2620192307692308
0 0.2860576923076923 0.5985576923076923 0.13942307692307693 0.29086538461538464
0 0.36177884615384615 0.5973557692307693 0.12259615384615384 0.2668269230769231
0 0.42788461538461536 0.5444711538461539 0.13701923076923078 0.24278846153846154
0 0.5240384615384616 0.5516826923076923 0.12740384615384615 0.23557692307692307
0 0.6021634615384616 0.5036057692307693 0.12740384615384615 0.2403846153846154
0 0.6887019230769231 0.4951923076923077 0.14182692307692307 0.25961538461538464
0 0.765625 0.4411057692307692 0.12259615384615384 0.23076923076923078
0 0.1045673076923077 0.6466346153846154 0.14903846153846154 0.2668269230769231
0 0.8449519230769231 0.4230769230769231 0.13701923076923078 0.2548076923076923
0 0.9314903846153846 0.4182692307692308 0.13221153846153846 0.25