0 0.5432692307692307 0.8197115384615384 0.25 0.07692307692307693
0 0.5396634615384616 0.7319711538461539 0.28125 0.06971153846153846
0 0.5588942307692307 0.6586538461538461 0.25961538461538464 0.057692307692307696
0 0.5240384615384616 0.5805288461538461 0.23076923076923078 0.07932692307692307
0 0.5564903846153846 0.49038461538461536 0.22355769230769232 0.07211538461538461
0 0.5300480769230769 0.4026442307692308 0.23076923076923078 0.06971153846153846
0 0.5444711538461539 0.3161057692307692 0.24759615384615385 0.07932692307692307
0 0.5120192307692307 0.2283653846153846 0.22115384615384615 0.0673076923076923
0 0.5396634615384616 0.9194711538461539 0.25240384615384615 0.08653846153846154
0 0.515625 0.1466346153846154 0.24278846153846154 0.07692307692307693
0 0.5336538461538461 0.05889423076923077 0.23557692307692307 0.07932692307692307