0 0.8293269230769231 0.44591346153846156 0.17067307692307693 0.28125
0 0.7403846153846154 0.4519230769230769 0.1466346153846154 0.30528846153846156
0 0.6658653846153846 0.43149038461538464 0.1658653846153846 0.28846153846153844
0 0.5853365384615384 0.4699519230769231 0.1778846153846154 0.2644230769230769
0 0.49399038461538464 0.4387019230769231 0.13221153846153846 0.24759615384615385
0 0.40625 0.46875 0.16826923076923078 0.2692307692307692
0 0.3173076923076923 0.4543269230769231 0.18028846153846154 0.2860576923076923
0 0.22956730769230768 0.4891826923076923 0.16105769230769232 0.25721153846153844
0 0.9194711538461539 0.45072115384615385 0.15625 0.2956730769230769
0 0.1466346153846154 0.48677884615384615 0.15144230769230768 0.27403846153846156
0 0.06971153846153846 0.4699519230769231 0.13942307692307693 0.27163461538461536